s_min = [-190 -416 -14 -516];
s_max = [375 -216 500 22];

% A = [0.06, 0.06; -0.06, 0.06; 0.06, -0.06; -0.06, -0.06];
A = [1, 1; 0, 1; 1, 0; 0, 0];


% For GP
Mode = 5;
w = 100;